0	9
1	1
2	1
3	0
4	3
5	0
6	1
7	0
8	0
9	0
10	4
11	0
12	1
13	0
14	0
15	0
16	3
17	5
18	0
19	0
20	2
21	0
22	1
23	0
24	6
25	0
26	0
27	0
28	0
29	1
30	4
31	2
32	0
33	6
34	0
35	0
36	2
37	0
38	0
39	1
40	2
41	0
42	0
43	6
44	0
45	0
46	0
47	4
48	0
49	2
50	0
51	0
52	5
53	0
54	0
55	2
56	27
57	7
58	0
59	0
60	1
61	1
62	1
63	0
64	2
65	0
66	0
67	3
68	1
69	0
70	0
71	0
72	1
73	10
74	0
75	2
76	0
77	0
78	0
79	3
80	3
81	1
82	7
83	0
84	237
85	0
86	0
87	0
88	0
89	0
90	0
91	4
92	0
93	2
94	0
95	0
96	1
97	0
98	0
99	1
100	0
101	0
102	3
103	0
104	0
105	0
106	2
107	0
108	0
109	0
110	0
111	3
112	0
113	2
114	0
115	0
116	2
117	1
118	1
119	2
120	0
121	0
122	2
123	0
124	0
125	1
126	0
127	76
128	0
129	0
130	0
131	1
132	0
133	1
134	0
135	1
136	0
137	1
138	0
139	4
140	0
141	0
142	0
143	2
144	0
145	1
146	1
147	3
148	0
149	0
150	0
151	13
152	0
153	5
154	1
155	6
156	0
157	9
158	10
159	12
160	14
161	0
162	28
163	19
164	2
165	0
166	0
167	0
168	12
169	1
170	0
171	1
172	1
173	1
174	14
175	3
176	5
177	17
178	6
179	0
180	0
181	5
182	1
183	7
184	11
185	3
186	18
187	9
188	6
189	0
190	10
191	5
192	7
193	3
194	9
195	0
196	5
197	3
198	1
199	0
200	4
201	11
202	0
203	6
204	1
205	6
206	11
207	0
208	12
209	9
210	21
211	14
212	49
213	0
214	5
215	0
216	26
217	24
218	0
219	6
220	1
221	0
222	0
223	4
224	0
225	18
226	0
227	0
228	1
229	1
230	0
231	0
232	1
233	9
234	7
235	10
236	0
237	2
238	7
239	16
240	11
241	17
242	4
243	11
244	11
245	0
246	1
247	0
248	0
249	10
250	16
251	4
252	8
253	10
254	5
255	33
256	42
257	0
258	0
259	0
260	1
261	0
262	0
263	0
264	1
265	1
266	1
267	0
268	0
269	0
270	9
271	0
272	0
273	1
274	2
275	12
276	3
277	0
278	7
279	3
280	21
281	4
282	5
283	0
284	0
285	4
286	8
287	0
288	10
289	4
290	31
291	6
292	8
293	34
294	2
295	2
296	1
297	0
298	1
299	11
300	1
301	4
302	0
303	2
304	0
305	2
306	5
307	1
308	4
309	3
310	0
311	9
312	9
313	10
314	22
315	0
316	0
317	2
318	0
319	9
320	0
321	1
322	0
323	2
324	8
325	2
326	13
327	3
328	1
329	18
330	10
331	11
332	26
333	4
334	8
335	20
336	15
337	3
338	3
339	0
340	1
341	2
342	13
343	4
344	6
345	10
346	12
347	5
348	26
349	0
350	3
351	2
352	1
353	6
354	2
355	3
356	16
357	4
358	1
359	5
360	0
361	37
362	23
363	5
364	19
365	16
366	33
367	6
368	7
369	43
370	11
371	6
372	6
373	3
374	9
375	14
376	1
377	0
378	0
379	15
380	4
381	10
382	47
383	83
384	49
385	0
386	3
387	5
388	0
389	2
390	21
391	0
392	3
393	1
394	23
395	6
396	3
397	18
398	1
399	5
400	43
401	8
402	13
403	0
404	45
405	2
406	0
407	21
408	0
409	0
410	0
411	18
412	5
413	7
414	1
415	17
416	6
417	4
418	15
419	6
420	3
421	4
422	28
423	139
424	0
425	0
426	0
427	2
428	2
429	4
430	2
431	3
432	2
433	1
434	0
435	1
436	3
437	5
438	1
439	3
440	0
441	5
442	3
443	2
444	4
445	0
446	28
447	0
448	1
449	0
450	5
451	0
452	0
453	1
454	2
455	0
456	2
457	0
458	5
459	4
460	5
461	4
462	15
463	3
464	4
465	2
466	0
467	2
468	0
469	4
470	0
471	0
472	8
473	0
474	4
475	11
476	8
477	0
478	57
479	1
480	3
481	5
482	1
483	3
484	0
485	3
486	2
487	4
488	3
489	3
490	0
491	9
492	4
493	6
494	5
495	3
496	8
497	0
498	18
499	37
500	13
501	0
502	11
503	6
504	17
505	3
506	5
507	14
508	9
509	6
510	3
511	14
512	56
513	6
514	34
515	0
516	0
517	4
518	0
519	1
520	5
521	4
522	4
523	6
524	0
525	6
526	2
527	13
528	6
529	13
530	1
531	12
532	6
533	9
534	59
535	14
536	13
537	1
538	0
539	59
540	4
541	1
542	29
543	0
544	2
545	4
546	8
547	3
548	4
549	6
550	7
551	2
552	17
553	1
554	8
555	4
556	32
557	80
558	93
559	21
560	7
561	19
562	5
563	26
564	52
565	1
566	18
567	0
568	1
569	0
570	7
571	9
572	14
573	9
574	2
575	13
576	0
577	28
578	63
579	18
580	30
581	39
582	0
583	1
584	0
585	0
586	0
587	5
588	3
589	9
590	1
591	7
592	1
593	2
594	0
595	7
596	21
597	9
598	37
599	0
600	5
601	0
602	2
603	0
604	14
605	0
606	2
607	2
608	9
609	7
610	14
611	11
612	17
613	44
614	18
615	1
616	40
617	20
618	147
619	26
620	0
621	0
622	2
623	2
624	3
625	15
626	13
627	0
628	40
629	12
630	18
631	5
632	13
633	4
634	9
635	10
636	10
637	15
638	127
639	3
640	15
641	1
642	0
643	9
644	8
645	3
646	4
647	15
648	12
649	21
650	29
651	20
652	15
653	49
654	24
655	8
656	0
657	82
658	7
659	10
660	17
661	5
662	7
663	5
664	22
665	3
666	1
667	1
668	2
669	0
670	1
671	0
672	2
673	2
674	9
675	40
676	22
677	9
678	3
679	41
680	7
681	46
682	65
683	15
684	55
685	61
686	19
687	65
688	1
689	1
690	4
691	17
692	0
693	9
694	14
695	11
696	8
697	10
698	1
699	12
700	34
701	4
702	1
703	40
704	16
705	15
706	5
707	32
708	11
709	15
710	11
711	41
712	0
713	0
714	0
715	5
716	3
717	4
718	11
719	41
720	5
721	29
722	65
723	24
724	76
725	31
726	51
727	10
728	24
729	9
730	93
731	37
732	10
733	2
734	20
735	5
736	5
737	7
738	103
739	165
740	0
741	0
742	1
743	0
744	4
745	3
746	0
747	0
748	3
749	0
750	0
751	1
752	3
753	1
754	1
755	1
756	0
757	2
758	0
759	1
760	0
761	2
762	1
763	0
764	13
765	0
766	0
767	6
768	5
769	1
770	0
771	3
772	0
773	1
774	5
775	2
776	8
777	0
778	0
779	0
780	0
781	4
782	0
783	0
784	1
785	2
786	2
787	1
788	1
789	1
790	10
791	0
792	3
793	1
794	1
795	0
796	9
797	2
798	4
799	2
800	3
801	0
802	13
803	0
804	3
805	0
806	0
807	3
808	14
809	0
810	5
811	2
812	3
813	0
814	0
815	1
816	0
817	0
818	0
819	9
820	3
821	0
822	0
823	0
824	0
825	4
826	0
827	0
828	0
829	0
830	8
831	0
832	0
833	3
834	1
835	9
836	3
837	15
838	7
839	1
840	21
841	4
842	2
843	0
844	10
845	1
846	0
847	0
848	6
849	13
850	29
851	17
852	12
853	45
854	19
855	6
856	3
857	2
858	2
859	6
860	37
861	51
862	5
863	0
864	45
865	31
866	169
867	27
868	11
869	2
870	1
871	1
872	18
873	1
874	1
875	48
876	25
877	34
878	7
879	8
880	3
881	12
882	16
883	1
884	12
885	1
886	7
887	9
888	18
889	5
890	3
891	0
892	28
893	62
894	14
895	29
896	19
897	56
898	0
899	44
900	80
901	15
902	2
903	10
904	39
905	0
906	0
907	1
908	1
909	2
910	5
911	0
912	5
913	19
914	9
915	10
916	11
917	25
918	11
919	16
920	18
921	18
922	26
923	17
924	43
925	7
926	102
927	3
928	102
929	0
930	0
931	1
932	2
933	1
934	0
935	1
936	2
937	3
938	0
939	22
940	0
941	24
942	8
943	1
944	8
945	7
946	29
947	32
948	137
949	0
950	15
951	0
952	30
953	105
954	0
955	0
956	0
957	2
958	0
959	5
960	0
961	1
962	47
963	17
964	32
965	4
966	10
967	12
968	15
969	6
970	38
971	1
972	5
973	0
974	1
975	3
976	0
977	7
978	46
979	77
980	7
981	57
982	9
983	8
984	34
985	4
986	1
987	1
988	0
989	1
990	0
991	7
992	0
993	0
994	0
995	0
996	0
997	0
998	6
999	0
