32
	
158
	
620
	
60
	61	
849
	
368
	
896
	
63
	
477
	
234
	
493
	
242
	
219
	220	221	222	223	224	
268
	
804
	805	806	807	
746
	
639
	
961
	
694
	
603
	
87
	
408
	
566
	567	568	569	570	459	571	572	573	574	532	575	576	577	578	579	580	474	540	
995
	
16
	17	23	24	
864
	
191
	
972
	
605
	
815
	
776
	777	778	108	779	744	106	780	
375
	136	316	376	377	135	205	378	300	311	379	380	381	382	383	
182
	
479
	
243
	
875
	
836
	
169
	
224
	
711
	712	713	467	714	715	716	717	528	718	719	531	720	721	722	723	601	724	725	726	727	728	729	730	731	
568
	
441
	
362
	
40
	41	42	
190
	
337
	
146
	
270
	
470
	
834
	
708
	
919
	
475
	
548
	
157
	
880
	
756
	
285
	
935
	
868
	869	870	871	872	873	874	875	876	877	878	
174
	
942
	
992
	
678
	
890
	
873
	
565
	
93
	
478
	479	480	481	482	483	484	485	486	444	487	488	489	490	491	492	493	494	495	496	497	498	499	500	501	
405
	406	213	
850
	
260
	
412
	
301
	
322
	
390
	
532
	
752
	753	754	299	
109
	
123
	
871
	
446
	447	448	450	456	459	464	469	474	478	502	514	540	542	566	581	604	619	640	655	664	687	711	732	
504
	
691
	
90
	
893
	
772
	
987
	988	
336
	220	337	338	222	339	340	223	341	342	343	344	345	219	346	347	
365
	
377
	
727
	
444
	
14
	
359
	
602
	
887
	
690
	
910
	
453
	
58
	
845
	
675
	
449
	
399
	
881
	
509
	
858
	
556
	
686
	
4
	5	6	8	
341
	
208
	
496
	
3
	
139
	140	141	142	143	
331
	
723
	
956
	
644
	
125
	126	
796
	
759
	
394
	
232
	
280
	
111
	112	113	114	
900
	
392
	
8
	
628
	
361
	
196
	
429
	
734
	
142
	
950
	
696
	
414
	
784
	
110
	
404
	
786
	787	
489
	
902
	
130
	
483
	
848
	
624
	
436
	
360
	
962
	
236
	
106
	107	108	
178
	131	179	138	138	180	180	
923
	
381
	
698
	
309
	
201
	202	203	204	205	206	207	208	209	210	211	
803
	
5
	
683
	
339
	
562
	
630
	
821
	
332
	
753
	
996
	
80
	
862
	863	864	865	866	867	
511
	
709
	
699
	
490
	
9
	
373
	
197
	198	199	200	
257
	
936
	
783
	
305
	
535
	
872
	
672
	
825
	826	827	760	828	
774
	
221
	
816
	
715
	
422
	
150
	
737
	
295
	
818
	
297
	
212
	131	133	190	137	213	214	219	178	225	244	256	281	286	293	314	336	348	370	375	384	402	405	407	423	422	
389
	
536
	
18
	
23
	
685
	
838
	839	840	841	842	843	
99
	100	
874
	
46
	
618
	
903
	
215
	
579
	
279
	
67
	68	70	71	
315
	
981
	
697
	
641
	
329
	
250
	
454
	
485
	
587
	
369
	
627
	
814
	
701
	
580
	
162
	
314
	315	130	316	317	318	319	320	321	322	323	324	325	326	327	328	329	330	331	332	333	334	335	
338
	
506
	
119
	120	121	
785
	
979
	
714
	
782
	
198
	
388
	
269
	
978
	
312
	
651
	
843
	
687
	688	689	690	467	691	692	693	694	695	696	697	698	699	700	701	702	703	704	705	706	707	708	709	710	557	
911
	
310
	
982
	
963
	
693
	
435
	
826
	
292
	
73
	74	75	76	77	78	79	80	81	
115
	
649
	
789
	
897
	
824
	
599
	
163
	
928
	515	929	930	931	932	933	934	935	936	937	938	939	940	941	942	943	944	945	946	947	948	949	950	951	952	
924
	
692
	
88
	
218
	
861
	
6
	7	
560
	
520
	
160
	
650
	
817
	
194
	
206
	
364
	
823
	
154
	
499
	
957
	
925
	
266
	
105
	
632
	
559
	
794
	
594
	
720
	
69
	
567
	
526
	
25
	
51
	
38
	
793
	
207
	
133
	131	
486
	
593
	
393
	
82
	83	84	127	212	446	739	837	
33
	34	35	36	37	38	
397
	
282
	
334
	
743
	
481
	
262
	
674
	
571
	
914
	
617
	
543
	
281
	282	283	284	285	
276
	
245
	
799
	
151
	131	152	153	154	155	156	157	158	159	160	161	162	163	
229
	
969
	
710
	
964
	
138
	
136
	
253
	
161
	
273
	
75
	
120
	
574
	
480
	
716
	
347
	
74
	
39
	40	
340
	
822
	
284
	
42
	
542
	543	544	545	546	467	448	547	548	549	550	551	552	553	554	555	556	557	558	559	560	561	562	563	564	565	
775
	
882
	
460
	
572
	
2
	3	
658
	
549
	
149
	
636
	
781
	782	783	784	785	
514
	515	516	517	518	519	520	521	522	523	524	525	526	527	528	529	530	531	532	533	534	535	536	537	538	539	
41
	
313
	
729
	
494
	
66
	
988
	
502
	503	504	505	506	507	508	509	510	511	512	513	
170
	
916
	
456
	457	458	
376
	
45
	
646
	
991
	992	993	994	987	995	996	997	
346
	
344
	
544
	
721
	
128
	
899
	
600
	
983
	
585
	
482
	
763
	
349
	
525
	
573
	
83
	
100
	
623
	
841
	
272
	
421
	
406
	
918
	
126
	
613
	
291
	
578
	
765
	
327
	
407
	128	408	137	409	410	411	412	413	414	415	416	417	286	418	419	420	370	421	402	422	
634
	
265
	
586
	
13
	
468
	
530
	
764
	765	107	766	767	768	769	770	771	765	772	773	774	775	
736
	
179
	
55
	
733
	
895
	
448
	449	
596
	
980
	
168
	169	170	171	172	173	174	175	176	177	
214
	136	215	216	217	218	
71
	
487
	
49
	
465
	
619
	620	621	622	223	623	624	345	625	347	626	627	628	629	630	631	632	633	478	634	635	636	637	638	639	
738
	
12
	11	
635
	
932
	
400
	
909
	
666
	
452
	
264
	
357
	
665
	
647
	
296
	
107
	
608
	
722
	
430
	
395
	
679
	
744
	108	745	746	747	
835
	
259
	
348
	349	229	350	351	352	353	233	354	355	235	356	357	358	359	360	361	362	363	364	365	366	225	367	368	369	
68
	69	
193
	
669
	
166
	
317
	
521
	
518
	
379
	
85
	
758
	
577
	
564
	
439
	
65
	
751
	
235
	
286
	131	287	288	289	290	178	291	292	
447
	
303
	
527
	
888
	889	890	891	892	893	894	895	896	897	898	899	900	901	902	903	
770
	
30
	
663
	
558
	
904
	905	906	907	908	133	909	910	911	912	913	914	915	916	917	918	919	920	921	922	923	924	925	926	927	
20
	
808
	108	809	810	811	779	812	813	814	815	816	817	818	819	774	
847
	
545
	
780
	
755
	756	
507
	
52
	53	54	55	46	56	
184
	
155
	
851
	
445
	
319
	
792
	
809
	
500
	
584
	
424
	
642
	
11
	
953
	954	955	782	956	957	908	958	959	960	842	961	962	963	964	965	966	967	968	969	970	915	971	972	
866
	
652
	
363
	
539
	
417
	
72
	73	
614
	
505
	
137
	131	
768
	
216
	
912
	
148
	
695
	
22
	
492
	
34
	
91
	92	93	94	95	
626
	
84
	85	86	87	88	89	90	91	96	98	99	101	102	106	109	110	111	115	116	117	119	122	89	124	125	
289
	
740
	
885
	
249
	
583
	
79
	
951
	
971
	
970
	
516
	
769
	
667
	
238
	
175
	
726
	
143
	
356
	
192
	
187
	188	189	190	191	192	193	194	195	196	
876
	
892
	
859
	
367
	
86
	
237
	
152
	
973
	
985
	986	989	991	998	
451
	
750
	
7
	
801
	
413
	
990
	
648
	
767
	
328
	
927
	
181
	182	183	184	185	186	
760
	
800
	801	802	803	
43
	44	45	46	47	52	39	
134
	
670
	
1
	2	
463
	
293
	131	120	294	295	110	296	297	298	299	205	300	301	302	303	304	305	306	307	308	309	310	311	312	313	
717
	
684
	
254
	
457
	
324
	
811
	
261
	
908
	
89
	
241
	
409
	
827
	
906
	
15
	
680
	
437
	
905
	
298
	
582
	
857
	
306
	
321
	
167
	
176
	
267
	
913
	
227
	
553
	
274
	
588
	
581
	582	583	455	584	585	586	587	588	589	590	591	592	186	593	594	595	596	597	598	599	600	601	602	603	
842
	
954
	
939
	
410
	
491
	
385
	
302
	
922
	
625
	
366
	
342
	
95
	
147
	148	149	134	
244
	245	246	247	248	249	250	251	252	253	254	255	
211
	
739
	740	741	742	744	106	748	752	755	757	760	761	764	776	781	786	788	790	800	804	808	820	824	825	829	830	
688
	
403
	
805
	
707
	
467
	
396
	
156
	
606
	
974
	975	
773
	
386
	
343
	
28
	
955
	
879
	880	881	882	883	884	885	886	887	
19
	
833
	
290
	
98
	
986
	987	
712
	
92
	
633
	
949
	
464
	465	466	467	468	
867
	
172
	
300
	
458
	
255
	
27
	
203
	
926
	
933
	
681
	
153
	
522
	
271
	
263
	
37
	
677
	
731
	
749
	
180
	
534
	
557
	
141
	
311
	
326
	
140
	
975
	
713
	
354
	
102
	103	104	105	
997
	
195
	
495
	
745
	
251
	
631
	
907
	
595
	
960
	
61
	62	
883
	
757
	758	759	
247
	
26
	
380
	
886
	
790
	791	792	793	794	795	796	797	771	798	799	
839
	
248
	
552
	
29
	
829
	
31
	32	33	
144
	
352
	
820
	821	822	823	
476
	
673
	
884
	
554
	
283
	
877
	
598
	
304
	
540
	541	463	476	474	
333
	
806
	
640
	641	642	643	644	645	646	647	648	649	650	651	652	581	653	654	
145
	146	
637
	
382
	
728
	
591
	
114
	
828
	
415
	
878
	
173
	
929
	
112
	
431
	
213
	
998
	999	
656
	
855
	856	857	858	859	860	861	
318
	
57
	58	59	60	63	64	67	72	
231
	
943
	
569
	
946
	
705
	
938
	
116
	89	89	
551
	
832
	
473
	
725
	
233
	
682
	
533
	
616
	
10
	11	12	13	14	
563
	
659
	
612
	
277
	
47
	48	49	50	51	
601
	
440
	
661
	
700
	
735
	
689
	
434
	
508
	
941
	
590
	
604
	605	606	607	608	609	610	611	612	613	614	615	616	617	618	
325
	
200
	
278
	
766
	
889
	
308
	
831
	
77
	
703
	
420
	
528
	
220
	
258
	
288
	
371
	
416
	
638
	
0
	1	4	9	10	15	16	31	39	43	
944
	
993
	
53
	
50
	
131
	132	
240
	
797
	
108
	
984
	
113
	
287
	
788
	789	
378
	
432
	
199
	
185
	
846
	
778
	
330
	
747
	
469
	470	471	472	473	
840
	
70
	
97
	
724
	
353
	
837
	838	844	855	862	868	879	888	904	928	953	973	974	976	977	
275
	
966
	
529
	
411
	
854
	
101
	
121
	
384
	136	385	386	297	387	388	389	390	391	139	392	217	393	311	151	394	395	396	397	214	398	399	380	400	401	
870
	
171
	
615
	
958
	
863
	
653
	
217
	
307
	
934
	
471
	
59
	
103
	
225
	226	227	228	229	230	231	232	233	234	235	236	237	238	239	240	241	242	243	
519
	
940
	
419
	
209
	
730
	
418
	
921
	
999
	
462
	
719
	
210
	
472
	
36
	
898
	
466
	
592
	
442
	
515
	
937
	
779
	
742
	743	
771
	
497
	
643
	
129
	
370
	133	190	138	137	138	371	372	373	374	281	286	
610
	
443
	
387
	
246
	
967
	
807
	
226
	
813
	
299
	
433
	
351
	
546
	
668
	
541
	
320
	
795
	
323
	
802
	
177
	
660
	
230
	
64
	65	66	
853
	
335
	
977
	978	979	980	981	982	983	984	
965
	
374
	
425
	
869
	
81
	
547
	
228
	
474
	459	475	476	477	
704
	
621
	
968
	
256
	257	258	259	260	261	262	263	264	265	266	267	268	269	270	271	272	273	274	275	276	277	278	279	280	
488
	
917
	
798
	
550
	
294
	
844
	845	846	847	848	849	850	851	852	853	854	
524
	
538
	
561
	
576
	
754
	
597
	
948
	
787
	
104
	
706
	
127
	128	129	130	131	133	134	135	137	138	139	144	138	145	147	150	151	164	167	168	178	181	187	197	201	
611
	
732
	733	673	734	677	682	735	736	737	664	738	
575
	
426
	
748
	749	750	751	
44
	
118
	
503
	
947
	
401
	
702
	
17
	18	19	20	21	22	
994
	
124
	
35
	
645
	
671
	
676
	
537
	
945
	
517
	
96
	97	
428
	
498
	
135
	136	
555
	
205
	
183
	
920
	
398
	
372
	
657
	
358
	
202
	
959
	
629
	
901
	
132
	
531
	
438
	
204
	
510
	
830
	831	832	833	834	835	836	
761
	762	763	
461
	
989
	990	
316
	
350
	
117
	118	
654
	
222
	
252
	
189
	
402
	131	138	378	137	301	138	403	178	404	225	286	383	370	
513
	
188
	
48
	
791
	
664
	665	666	667	668	669	670	671	672	673	674	675	676	677	678	679	680	681	682	683	684	685	686	
570
	
345
	
355
	
852
	
930
	
484
	
810
	
56
	
718
	
777
	
239
	
54
	
223
	
931
	
762
	
391
	
512
	
662
	
186
	
122
	123	118	
609
	
915
	
62
	
952
	
523
	
622
	
159
	
78
	
423
	424	131	425	426	427	428	429	430	431	432	433	434	435	436	437	438	439	440	441	299	442	443	444	445	378	
21
	
459
	460	461	462	463	
164
	165	166	
856
	
501
	
24
	25	26	27	28	29	30	
894
	
860
	
76
	
891
	
741
	
607
	
455
	
819
	
383
	
812
	
865
	
94
	
450
	451	452	453	454	455	
655
	656	657	658	659	660	661	662	663	
165
	
589
	
976
	
427
	
