0	January 2006
1	2013
2	January 2015
3	2015
4	March 2011
5	February 2014
6	2013
7	2014
8	June 2012
9	June 2009
10	2008
11	2014
12	2012
13	2011
14	2009
15	2008
16	2008
17	2013
18	April 2015
19	2015
20	July 2014
21	11 November 2014
22	June 2014
23	2011
24	2009
25	8 December 2014
26	2014
27	2013
28	2013
29	2013
30	2011
31	2007
32	2009
33	2007
34	2012
35	2012
36	2011
37	2011
38	2008
39	2007
40	2010
41	2011
42	2010
43	2007
44	2013
45	2012
46	2011
47	May 2010
48	1 December 2012
49	2012
50	2012
51	September 2011
52	2009
53	November 2014
54	2013
55	2012
56	May 2011
57	2011
58	2 November 2014
59	1 November 2014
60	8 September 2014
61	8 September 2014
62	14 January 2015
63	February 2014
64	14 November 2013
65	2014
66	September 2014
67	March 2013
68	27 January 2014
69	2 January 2015
70	1 December 2014
71	8 October 2014
72	2012
73	2013
74	January 2015
75	1 January 2015
76	1 April 2015
77	20 June 2014
78	4 May 2014
79	2014
80	2014
81	2013
82	20 March 1992
83	7 June 2005
84	7 June 2004
85	10 March 2015
86	1 January 2015
87	1 January 2015
88	1 February 2015
89	2015
90	20 August 2014
91	1 June 2014
92	1 January 2015
93	2014
94	July 2014
95	15 December 2014
96	1 April 2014
97	2 July 2014
98	11 March 2014
99	4 March 2014
100	5 February 2015
101	2014
102	2014
103	12 January 2015
104	10 March 2015
105	1 February 2015
106	2014
107	1 February 2015
108	January 01, 2015
109	2014
110	2014
111	7 August 2014
112	7 January 2015
113	1 January 2015
114	18 February 2015
115	2014
116	September 2014
117	1 December 2014
118	1 December 2014
119	2014
120	27 November 2014
121	3 September 2014
122	August 2014
123	27 March 2015
124	June 2014
125	1 November 2014
126	February 2015
127	1 June 2003
128	12 January 2015
129	2015
130	1 February 2015
131	1 April 2015
132	1 April 2015
133	July 2014
134	July/August 2014
135	1 October 2013
136	2015
137	2013
138	2013
139	23 July 2013
140	2015
141	1 February 2015
142	22 August 2014
143	1 November 2014
144	24 May 2013
145	January 2013
146	April 2014
147	November 2013
148	January 2015
149	12 December 2014
150	2012
151	October 2012
152	6 October 2014
153	28 May 2014
154	18 March 2014
155	February 2014
156	2014
157	17 December 2013
158	15 November 2013
159	2013
160	August 2013
161	July 2013
162	July 2013
163	May 2013
164	September 2012
165	1 October 2014
166	2013
167	July 2012
168	7 May 2012
169	February 01, 2015
170	1 April 2015
171	November 05, 2014
172	1 December 2014
173	2014
174	1 January 2014
175	December 2013
176	3 June 2013
177	19 February 2013
178	14 February 2012
179	October 2014
180	22 January 2013
181	February 2012
182	November 2013
183	2013
184	June 2013
185	9 January 2013
186	November 2012
187	January 2012
188	17 April 2014
189	10 February 2014
190	October 2013
191	July 2013
192	December 2012
193	25 October 2012
194	September 2012
195	2012
196	January 2012
197	August 2011
198	18 July 2014
199	2013
200	2012
201	17 May 2011
202	21 August 2014
203	February 2014
204	12 November 2013
205	2013
206	February 2013
207	2012
208	16 October 2012
209	October 2012
210	10 May 2012
211	May 2012
212	15 July 2002
213	2012
214	25 April 2012
215	2014
216	4 September 2013
217	July 2013
218	May 2013
219	March 2012
220	1 March 2015
221	10 December 2014
222	2013
223	13 February 2013
224	March 2012
225	1 June 2011
226	June 2015
227	13 October 2014
228	23 July 2014
229	1 April 2014
230	2014
231	2014
232	June 2014
233	August 2014
234	April 2014
235	November 2013
236	1 October 2013
237	June 2013
238	16 April 2013
239	April 2013
240	January 2013
241	September 2012
242	18 July 2012
243	2011
244	April 2011
245	15 March 2015
246	April 2014
247	19 February 2013
248	19 February 2013
249	January 2013
250	29 November 2012
251	November 2012
252	November 2012
253	10 October 2012
254	May 2012
255	June 2011
256	April 2011
257	2015
258	1 March 2015
259	2 September 2014
260	1 July 2014
261	May 2014
262	15 April 2014
263	February 2014
264	2 January 2014
265	June 2014
266	2014
267	June 2014
268	January-February 2014
269	August 2014
270	June 2014
271	2014
272	2013
273	November 2013
274	10 August 2013
275	August 2013
276	10 July 2013
277	July 2013
278	2013
279	2013
280	June 2013
281	2011
282	June 2013
283	2013
284	2013
285	2012
286	November 2010
287	February 2014
288	January 2013
289	2012
290	May 2012
291	December 2011
292	1 December 2011
293	11 August 2010
294	8 July 2014
295	2014
296	August 2014
297	June 2014
298	1 November 2014
299	October 2013
300	2013
301	2013
302	June 2013
303	June 2013
304	15 March 2013
305	March 2013
306	February 2013
307	2013
308	18 December 2012
309	14 December 2012
310	11 December 2012
311	9 October 2012
312	27 September 2012
313	5 September 2012
314	6 August 2010
315	22 May 2015
316	November 01, 2014
317	31 October 2014
318	August 26, 2014
319	31 July 2014
320	2 July 2014
321	1 December 2014
322	20 December 2013
323	10 September 2013
324	June 2013
325	2013
326	November 2012
327	2012
328	7 May 2012
329	May 2012
330	19 March 2012
331	6 January 2012
332	1 December 2011
333	2011
334	2011
335	1 May 2011
336	1 February 2010
337	2014
338	2013
339	2013
340	11 June 2013
341	1 October 2012
342	15 July 2012
343	18 May 2012
344	May 2012
345	April 2012
346	1 December 2011
347	15 March 2011
348	September 2009
349	1 July 2015
350	1 February 2014
351	1 August 2014
352	April 2014
353	March 2014
354	July 2014
355	2 December 2013
356	2 October 2013
357	August 2013
358	February 2013
359	January 2013
360	August 2012
361	March 2012
362	February 2012
363	2011
364	December 2011
365	August 2011
366	August 2011
367	21 January 2011
368	January 2011
369	12 August 2010
370	15 August 2009
371	September 2012
372	26 June 2012
373	March 2012
374	15 August 2011
375	May 2009
376	1 January 2014
377	3 December 2013
378	2013
379	May 2012
380	April 2012
381	March 2011
382	April 2010
383	February 2010
384	4 February 2009
385	June 2014
386	May 2014
387	June 2014
388	1 October 2014
389	21 November 2013
390	September 2013
391	2013
392	2013
393	17 October 2012
394	September 2012
395	June 2012
396	May 24, 2012
397	May 2012
398	11 April 2012
399	April 2012
400	March 2012
401	25 January 2012
402	1 February 2009
403	December 2012
404	23 June 2011
405	2008
406	2013
407	December 2007
408	2014
409	2013
410	May 2013
411	March 2012
412	20 November 2011
413	5 September 2011
414	June 2011
415	April 2011
416	10 January 2011
417	2011
418	2010
419	December 2009
420	November 2009
421	August 2009
422	11 May 2007
423	2007
424	28 January 2015
425	7 January 2015
426	23 February 2014
427	May 2014
428	April 2014
429	2014
430	August 2014
431	2014
432	June 2014
433	August 2014
434	1 November 2014
435	30 December 2013
436	23 December 2013
437	13 December 2013
438	1 December 2013
439	2013
440	14 October 2013
441	1 October 2013
442	15 September 2013
443	September 2013
444	September 2013
445	2013
446	15 June 2002
447	January 01, 2015
448	2014
449	15 November 2014
450	2013
451	May 05, 2015
452	26 September 2014
453	11 June 2014
454	March 2014
455	February 2014
456	July 2013
457	1 January 2015
458	2013
459	June 2012
460	December 2013
461	11 September 2013
462	July 2013
463	June 2013
464	1 November 2011
465	28 October 2014
466	17 April 2014
467	2014
468	2012
469	May 2010
470	1 January 2015
471	2012
472	28 October 2011
473	2011
474	November 2008
475	February 2012
476	31 January 2012
477	3 November 2010
478	2008
479	July 2014
480	27 June 2014
481	28 February 2014
482	2013
483	November 2013
484	November 2013
485	October 2013
486	2013
487	3 July 2013
488	31 May 2013
489	2013
490	5 January 2013
491	January 2013
492	3 August 2012
493	August 2012
494	1 August 2012
495	27 July 2012
496	April 2012
497	February 2012
498	August 2011
499	2011
500	1 April 2011
501	March 2011
502	15 October 2008
503	1 February 2014
504	2013
505	12 August 2013
506	August 2013
507	August 2013
508	1 October 2012
509	13 February 2012
510	April 2011
511	May 2010
512	2009
513	12 June 2009
514	June 2008
515	11 February 2015
516	April 2014
517	6 February 2014
518	February 2014
519	July 2014
520	January 2014
521	2013
522	6 September 2013
523	September 2013
524	2013
525	7 August 2013
526	April 2013
527	21 February 2013
528	1 November 2012
529	25 April 2012
530	2012
531	March 2012
532	2011
533	20 May 2011
534	7 February 2011
535	January 2011
536	December 2010
537	2 August 2010
538	August 2010
539	2010
540	December 2007
541	September 2013
542	July 2007
543	2015
544	April 2014
545	February 2014
546	2014
547	September 2013
548	August 2013
549	5 June 2013
550	2012
551	December 2012
552	June 2012
553	November 2011
554	15 August 2011
555	May 2011
556	April 2011
557	10 March 2011
558	August 2010
559	June 2010
560	1 May 2010
561	15 January 2010
562	15 December 2009
563	2008
564	13 August 2008
565	5 August 2008
566	June 2007
567	17 June 2014
568	30 December 2013
569	2013
570	January 2013
571	15 February 2012
572	February 2012
573	December 2011
574	September 2011
575	15 March 2011
576	2011
577	21 September 2010
578	15 June 2010
579	2010
580	March 2010
581	April 2007
582	17 March 2014
583	22 May 2014
584	July 2014
585	1 December 2014
586	2014
587	May 2014
588	November 2013
589	5 May 2013
590	April 2013
591	7 February 2013
592	February 2013
593	1 September 2012
594	October 2011
595	October 2011
596	2011
597	May 2011
598	April 2011
599	2011
600	2010
601	2010
602	December 2010
603	2010
604	30 January 2007
605	2015
606	April 2014
607	18 September 2013
608	December 2011
609	15 June 2011
610	August 2010
611	June 2010
612	May 2010
613	April 2010
614	2009
615	2008
616	5 September 2008
617	March 2008
618	30 May 2007
619	2006
620	9 October 2014
621	2014
622	December 2013
623	18 January 2013
624	June 2012
625	16 August 2011
626	February 2011
627	2010
628	28 July 2010
629	February 2010
630	1 December 2009
631	4 August 2009
632	January 2009
633	2008
634	April 2008
635	18 March 2008
636	15 March 2008
637	December 2007
638	2007
639	June 2007
640	1 April 2006
641	2013
642	2013
643	October 2011
644	2010
645	November 2009
646	2009
647	20 May 2009
648	4 July 2008
649	15 January 2008
650	12 October 2007
651	2007
652	June 2007
653	January 2007
654	1 August 2006
655	July 2005
656	April 01, 2015
657	17 November 2010
658	March 2010
659	2008
660	2008
661	21 March 2008
662	July 2007
663	March 2007
664	21 March 2005
665	14 July 2014
666	1 November 2014
667	2014
668	June 2014
669	2013
670	1 February 2013
671	January 2013
672	2013
673	2012
674	26 November 2010
675	June 2010
676	September 2009
677	9 June 2009
678	December 2008
679	1 October 2008
680	March 2007
681	March 2007
682	February 2007
683	June 2006
684	April 2006
685	February 2006
686	15 January 2006
687	January 2005
688	15 July 2014
689	3 December 2014
690	August 2014
691	3 December 2013
692	2013
693	August 2013
694	2013
695	2012
696	2012
697	1 July 2012
698	July 2012
699	June 2012
700	May 2012
701	February 2012
702	2012
703	February 2012
704	2011
705	November 2011
706	2011
707	June 2011
708	2011
709	23 March 2011
710	17 March 2011
711	15 July 2004
712	2014
713	January 2014
714	2014
715	15 June 2013
716	2013
717	29 May 2013
718	10 October 2012
719	October 2012
720	2011
721	27 April 2011
722	16 February 2011
723	2011
724	7 July 2010
725	15 May 2010
726	May 2010
727	15 February 2010
728	October 2009
729	October 2009
730	3 September 2008
731	September 2008
732	6 January 2004
733	1 November 2012
734	October 2010
735	December 2006
736	November 2006
737	20 February 2006
738	20 October 2004
739	1 May 2002
740	15 March 2015
741	1 April 2015
742	March 2014
743	1 December 2014
744	1 February 2014
745	1 June 2014
746	1 December 2014
747	1 November 2014
748	November 2014
749	April 01, 2015
750	7 March 2015
751	14 November 2014
752	2014
753	August 2014
754	2013
755	March 2014
756	30 July 2014
757	1 December 2014
758	2015
759	1 March 2015
760	October 2013
761	September 2013
762	1 January 2015
763	1 December 2014
764	1 August 2013
765	2015
766	1 March 2015
767	17 July 2014
768	16 July 2014
769	1 July 2014
770	1 December 2014
771	2014
772	August 2014
773	2014
774	27 November 2013
775	22 October 2013
776	2013
777	2015
778	1 February 2015
779	February 2014
780	1 November 2014
781	2013
782	20 October 2014
783	1 June 2014
784	1 April 2014
785	1 February 2014
786	5 June 2013
787	15 January 2015
788	2013
789	2013
790	March 2013
791	1 December 2014
792	1 May 2014
793	February 2014
794	2014
795	2014
796	2014
797	2014
798	March 2014
799	15 May 2013
800	March 2013
801	10 December 2014
802	January 2014
803	2014
804	14 February 2013
805	20 June 2014
806	20 November 2014
807	September 2013
808	30 December 2012
809	7 April 2014
810	14 February 2014
811	4 February 2014
812	February 2014
813	July 2014
814	1 January 2015
815	2014
816	2014
817	April 2014
818	July 2014
819	December 2013
820	2012
821	8 October 2014
822	August 2014
823	2014
824	2012
825	7 October 2012
826	6 June 2014
827	6 May 2014
828	2013
829	12 September 2012
830	September 2012
831	March 2014
832	15 August 2013
833	August 2013
834	2013
835	2013
836	2012
837	28 July 1992
838	2012
839	September 2014
840	13 March 2013
841	2013
842	July 2012
843	2012
844	5 August 2008
845	December 03, 2014
846	16 September 2014
847	August 2014
848	September 2013
849	September 2012
850	July 2012
851	April 2012
852	1 January 2012
853	May 2011
854	February 2011
855	2005
856	6 August 2013
857	September 2011
858	2009
859	11 May 2007
860	April 2007
861	2006
862	September 2004
863	1 November 2014
864	September 2012
865	2009
866	March 2008
867	July 2005
868	5 February 2002
869	2012
870	24 August 2012
871	December 2011
872	2010
873	2008
874	2007
875	10 May 2006
876	2006
877	January 2005
878	29 February 2004
879	2001
880	February 2011
881	February 2009
882	May 2007
883	2005
884	June 2005
885	April 2005
886	13 November 2001
887	9 November 2001
888	2001
889	February 2012
890	5 September 2010
891	2009
892	2008
893	14 June 2007
894	December 2005
895	November 2004
896	May 2004
897	1 February 2004
898	31 December 2003
899	December 2003
900	December 2003
901	1 June 2003
902	2002
903	2002
904	2001
905	September 16, 2014
906	2014
907	2014
908	August 2014
909	2013
910	25 June 2013
911	24 August 2012
912	20 July 2012
913	17 May 2012
914	September 2011
915	February 2011
916	February 2011
917	September 2010
918	November 2009
919	7 October 2009
920	7 January 2009
921	November 2008
922	October 2008
923	1 September 2008
924	18 July 2008
925	August 2007
926	1 June 2007
927	1 November 2006
928	10 March 2000
929	1 January 2015
930	1 February 2015
931	28 May 2014
932	2014
933	2014
934	1 December 2014
935	June 2014
936	July 2014
937	April 2014
938	November 2013
939	28 October 2013
940	June 2013
941	March 2013
942	August 2012
943	June 2012
944	2012
945	March 2012
946	March 2012
947	January 2012
948	January 2012
949	2011
950	1 December 2011
951	2011
952	November 2011
953	1 March 2000
954	March 05, 2015
955	3 January 2015
956	29 May 2014
957	1 November 2014
958	December 2014
959	June 2013
960	2012
961	April 2012
962	January 2012
963	November 2011
964	November 2011
965	September 2011
966	September 2011
967	17 August 2011
968	June 2011
969	May 2011
970	March 2011
971	2010
972	October 2010
973	1998
974	January 1998
975	July 2003
976	July 1996
977	September 1995
978	April 2005
979	1 July 2003
980	2002
981	20 April 2000
982	29 October 1999
983	1997
984	1997
985	September 2010
986	February 2014
987	April 2014
988	2014
989	October 2014
990	October 2014
991	October 2011
992	2014
993	2014
994	5 November 2014
995	2014
996	2013
997	2013
998	1 August 2011
999	2015
